20.52.339180 0 0 0 -1185
20.53.377545 45 58 35 -1185
20.54.307881 45 81 43 -1185
20.55.114209 39 81 45 -1185
20.55.832389 -16402 81 -16402 -1185
20.56.064721 -16402 81 45 -1185
20.56.279776 39 -16402 45 -1185
20.56.503291 40 81 45 -1185
20.56.719776 40 81 45 -16402
20.56.971976 40 81 42 -1185
20.57.188158 40 82 42 -1185
20.57.409701 -16402 -16402 42 -16402
20.57.638555 38 82 42 -1185
20.57.853181 38 82 -16402 -1185
20.58.071177 38 82 44 -1185
20.58.283080 38 82 44 -1185
20.58.495527 -16402 82 44 -1185
20.58.705969 38 82 44 -1185
20.58.920215 38 -16402 -16402 -1185
20.59.135563 -16402 -1185 46 -1185
20.59.380383 -16402 45 46 -1185
20.59.620667 26 45 46 -1185
20.59.836386 26 45 -16402 -1185
21.00.060672 26 45 43 -1185
21.00.287179 26 -16402 43 -1185
21.00.497783 -16402 27 43 -1185
21.00.713860 41 27 -1185 -1185
21.00.963061 41 27 43 -1185
21.01.164704 41 -16402 43 -16402
21.01.389708 38 38 43 -1185
21.01.606046 38 38 43 -1185
21.01.815465 38 38 -16402 -1185
21.02.030279 38 38 45 -1185
21.02.282754 38 38 45 -1185
21.02.509475 35 38 45 -1185
21.02.723689 35 38 45 -1185
21.02.932547 35 38 44 -1185
21.03.160065 35 38 44 -16402
21.03.358638 -16402 38 44 -1185
21.03.607566 39 38 44 -1185
21.03.789465 39 38 47 -1185
21.04.015291 39 38 47 -16402
21.04.213621 39 38 47 -1185
21.04.435528 -16402 38 47 -16402
21.04.639071 33 -16402 47 -1185
21.04.871765 33 37 -16402 -1185
21.05.114159 33 37 45 -16402
21.05.346105 33 37 45 -1185
21.05.568326 36 36 45 -16402
21.05.766537 36 36 -16402 -1185
21.06.009293 36 36 44 -1185
21.06.255203 36 36 44 -1185
21.06.479650 33 36 44 -1185
21.06.664183 -16402 19 44 -1185
21.06.856540 33 19 -16402 -1185
21.07.073049 33 19 44 -1185
21.07.315066 33 19 44 -1185
21.07.531122 33 19 44 -1185
21.07.740415 -16402 37 44 -1185
21.07.981628 33 37 44 -1185
21.08.229138 33 37 44 -1185
21.08.425667 -16402 37 44 -16402
21.08.623634 33 -16402 44 -1185
